%PDD calculations
tm15_1=[2.80	100.0	100.0	100.0	100.0	100.0	100.0	100.0	100.0	100.0	100.0	100.0	100.0	100.0	100.0	100.0
															
3.00	1.005	1.005	1.005	1.005	1.006	1.006	1.006	1.006	1.006	1.005	1.004	1.004	1.003	1.003	1.003
3.25	1.006	1.006	1.007	1.007	1.008	1.007	1.006	1.006	1.005	1.005	1.004	1.004	1.004	1.004	1.005
3.50	1.006	1.007	1.007	1.008	1.008	1.007	1.007	1.006	1.006	1.005	1.004	1.003	1.002	1.003	1.003
3.75	1.002	1.004	1.005	1.006	1.008	1.006	1.005	1.004	1.003	1.002	1.002	1.001	1.000	1.000	1.000
															
4.00	1.002	1.002	1.002	1.003	1.003	1.002	1.002	1.001	1.001	1.000	0.999	0.998	0.997	0.997	0.998
4.25	0.994	0.995	0.996	0.997	0.999	0.998	0.998	0.997	0.997	0.996	0.995	0.994	0.993	0.994	0.994
4.50	0.986	0.988	0.990	0.992	0.994	0.994	0.993	0.993	0.992	0.992	0.991	0.990	0.990	0.990	0.990
4.75	0.983	0.984	0.986	0.987	0.989	0.988	0.988	0.987	0.987	0.986	0.985	0.985	0.984	0.984	0.985
															
5.00	0.980	0.981	0.981	0.982	0.983	0.982	0.982	0.982	0.981	0.981	0.980	0.979	0.979	0.979	0.979
5.25	0.972	0.973	0.974	0.975	0.976	0.976	0.976	0.975	0.975	0.975	0.974	0.973	0.973	0.973	0.974
5.50	0.965	0.966	0.967	0.969	0.970	0.969	0.969	0.969	0.969	0.969	0.968	0.968	0.967	0.968	0.968
5.75	0.957	0.959	0.960	0.962	0.963	0.963	0.963	0.964	0.964	0.964	0.963	0.963	0.963	0.963	0.964
															
6.00	0.950	0.951	0.953	0.955	0.956	0.957	0.957	0.958	0.959	0.959	0.959	0.959	0.959	0.959	0.959
6.25	0.944	0.946	0.948	0.949	0.951	0.951	0.952	0.952	0.953	0.953	0.953	0.953	0.953	0.953	0.954
6.50	0.939	0.941	0.942	0.943	0.945	0.945	0.946	0.946	0.946	0.947	0.947	0.947	0.947	0.947	0.948
6.75	0.932	0.934	0.936	0.937	0.939	0.940	0.940	0.940	0.941	0.941	0.941	0.941	0.941	0.942	0.943
															
7.00	0.925	0.927	0.929	0.931	0.933	0.934	0.934	0.935	0.935	0.935	0.935	0.935	0.936	0.937	0.938
7.25	0.918	0.921	0.923	0.925	0.928	0.928	0.929	0.929	0.930	0.930	0.930	0.931	0.931	0.931	0.932
7.50	0.912	0.915	0.917	0.920	0.922	0.923	0.923	0.924	0.925	0.925	0.925	0.926	0.926	0.926	0.927
7.75	0.905	0.908	0.910	0.913	0.915	0.916	0.917	0.918	0.919	0.919	0.920	0.920	0.920	0.921	0.921
															
8.00	0.898	0.900	0.903	0.906	0.909	0.910	0.911	0.912	0.914	0.914	0.914	0.914	0.914	0.915	0.916
8.25	0.892	0.895	0.897	0.900	0.903	0.904	0.905	0.907	0.908	0.908	0.909	0.909	0.909	0.910	0.911
8.50	0.886	0.889	0.891	0.894	0.896	0.898	0.899	0.901	0.902	0.903	0.903	0.904	0.905	0.905	0.906
8.75	0.879	0.882	0.884	0.887	0.889	0.891	0.892	0.894	0.895	0.896	0.897	0.898	0.899	0.900	0.900
															
9.00	0.872	0.875	0.877	0.880	0.882	0.884	0.885	0.887	0.888	0.889	0.891	0.892	0.893	0.894	0.895
9.25	0.867	0.869	0.872	0.874	0.876	0.878	0.879	0.881	0.883	0.884	0.885	0.886	0.887	0.888	0.889
9.50	0.862	0.864	0.866	0.869	0.871	0.872	0.874	0.875	0.877	0.878	0.879	0.880	0.881	0.882	0.883
9.75	0.854	0.857	0.859	0.862	0.864	0.866	0.867	0.869	0.871	0.872	0.873	0.874	0.875	0.876	0.878
															
10.00	0.846	0.849	0.852	0.855	0.857	0.859	0.861	0.863	0.865	0.866	0.867	0.868	0.869	0.870	0.872
10.25	0.839	0.842	0.845	0.848	0.851	0.853	0.855	0.857	0.859	0.860	0.861	0.863	0.864	0.865	0.867
10.50	0.832	0.835	0.839	0.842	0.845	0.847	0.849	0.851	0.852	0.854	0.856	0.857	0.859	0.860	0.861
10.75	0.825	0.828	0.832	0.835	0.839	0.841	0.843	0.845	0.847	0.849	0.851	0.852	0.854	0.855	0.856
															
11.00	0.817	0.821	0.825	0.829	0.833	0.835	0.837	0.840	0.842	0.844	0.845	0.847	0.849	0.850	0.851
11.25	0.812	0.816	0.819	0.823	0.827	0.829	0.831	0.833	0.836	0.837	0.839	0.840	0.842	0.843	0.845
11.50	0.807	0.810	0.814	0.817	0.820	0.823	0.825	0.827	0.829	0.831	0.832	0.834	0.836	0.837	0.839
11.75	0.801	0.804	0.808	0.811	0.814	0.816	0.819	0.821	0.823	0.825	0.827	0.828	0.830	0.831	0.833
															
12.00	0.795	0.798	0.802	0.805	0.808	0.810	0.813	0.815	0.818	0.819	0.821	0.823	0.824	0.826	0.827
12.25	0.789	0.792	0.796	0.799	0.802	0.805	0.807	0.810	0.812	0.814	0.816	0.817	0.819	0.821	0.823
12.50	0.783	0.786	0.790	0.793	0.797	0.799	0.802	0.804	0.806	0.808	0.810	0.812	0.814	0.816	0.818
12.75	0.776	0.780	0.783	0.787	0.791	0.793	0.796	0.799	0.801	0.803	0.805	0.807	0.809	0.810	0.812
13.00	0.769	0.773	0.777	0.781	0.785	0.788	0.791	0.793	0.796	0.798	0.800	0.802	0.804	0.805	0.806
13.25	0.764	0.768	0.772	0.776	0.780	0.782	0.785	0.788	0.791	0.793	0.795	0.796	0.798	0.800	0.801
13.50	0.758	0.762	0.766	0.770	0.774	0.777	0.780	0.783	0.785	0.787	0.789	0.791	0.793	0.794	0.796
13.75	0.753	0.757	0.761	0.765	0.769	0.772	0.774	0.777	0.780	0.782	0.784	0.786	0.788	0.789	0.790
															
14.00	0.748	0.752	0.756	0.759	0.763	0.766	0.769	0.772	0.774	0.776	0.778	0.780	0.782	0.784	0.785
14.25	0.742	0.746	0.749	0.753	0.757	0.760	0.763	0.765	0.768	0.770	0.772	0.774	0.776	0.778	0.779
14.50	0.736	0.739	0.743	0.747	0.750	0.753	0.756	0.759	0.762	0.764	0.766	0.768	0.770	0.772	0.773
14.75	0.730	0.733	0.737	0.741	0.744	0.747	0.750	0.753	0.755	0.758	0.760	0.762	0.764	0.766	0.767
 															
15.00	0.724	0.727	0.731	0.734	0.738	0.741	0.743	0.746	0.749	0.751	0.754	0.756	0.758	0.760	0.762
15.50	0.713	0.716	0.720	0.723	0.727	0.730	0.733	0.736	0.739	0.741	0.743	0.746	0.748	0.750	0.752
16.00	0.701	0.705	0.709	0.712	0.716	0.719	0.722	0.725	0.728	0.731	0.733	0.736	0.738	0.740	0.742
16.50	0.689	0.693	0.697	0.701	0.705	0.708	0.711	0.714	0.718	0.720	0.723	0.725	0.728	0.729	0.731
 															
17.00	0.677	0.682	0.686	0.690	0.694	0.697	0.700	0.704	0.707	0.709	0.712	0.714	0.717	0.719	0.721
17.50	0.667	0.671	0.675	0.679	0.683	0.686	0.690	0.693	0.696	0.699	0.702	0.705	0.707	0.710	0.712
18.00	0.656	0.660	0.664	0.668	0.672	0.676	0.679	0.683	0.686	0.689	0.692	0.695	0.698	0.700	0.702
18.50	0.646	0.650	0.654	0.658	0.662	0.665	0.669	0.672	0.676	0.679	0.682	0.684	0.687	0.690	0.692
 															
19.00	0.637	0.640	0.644	0.648	0.651	0.655	0.658	0.662	0.665	0.668	0.671	0.674	0.677	0.679	0.681
19.50	0.627	0.630	0.634	0.638	0.642	0.645	0.649	0.652	0.656	0.659	0.662	0.664	0.667	0.669	0.672
20.00	0.616	0.620	0.624	0.628	0.632	0.636	0.639	0.643	0.647	0.649	0.652	0.655	0.658	0.660	0.662
20.50	0.606	0.610	0.614	0.618	0.622	0.626	0.629	0.633	0.637	0.640	0.643	0.646	0.649	0.651	0.653
 															
21.00	0.596	0.600	0.604	0.608	0.612	0.616	0.620	0.623	0.627	0.630	0.633	0.636	0.639	0.641	0.643
21.50	0.587	0.591	0.595	0.599	0.603	0.606	0.610	0.613	0.617	0.620	0.623	0.626	0.629	0.632	0.634
22.00	0.579	0.582	0.586	0.590	0.593	0.597	0.600	0.604	0.607	0.610	0.613	0.617	0.620	0.622	0.624
22.50	0.571	0.574	0.577	0.581	0.584	0.588	0.591	0.594	0.598	0.601	0.604	0.608	0.611	0.613	0.615
 															
23.00	0.562	0.566	0.569	0.572	0.575	0.578	0.582	0.585	0.588	0.592	0.595	0.599	0.602	0.604	0.607
23.50	0.554	0.557	0.560	0.563	0.567	0.570	0.573	0.577	0.580	0.583	0.586	0.589	0.593	0.595	0.597
24.00	0.546	0.549	0.552	0.555	0.558	0.561	0.565	0.568	0.571	0.574	0.577	0.580	0.583	0.585	0.588
24.50	0.536	0.539	0.542	0.546	0.549	0.552	0.556	0.559	0.563	0.566	0.569	0.572	0.575	0.577	0.580
 															
25.00	0.526	0.529	0.533	0.536	0.540	0.544	0.547	0.551	0.555	0.558	0.561	0.564	0.567	0.570	0.572
25.50	0.517	0.521	0.524	0.528	0.531	0.535	0.538	0.542	0.546	0.549	0.552	0.555	0.558	0.560	0.563
26.00	0.509	0.512	0.516	0.519	0.522	0.526	0.529	0.533	0.537	0.540	0.543	0.546	0.549	0.551	0.553
27.00	0.493	0.496	0.499	0.503	0.506	0.509	0.513	0.517	0.521	0.524	0.527	0.530	0.533	0.535	0.537
 															
28.00	0.475	0.479	0.483	0.486	0.490	0.494	0.498	0.502	0.506	0.509	0.512	0.515	0.518	0.520	0.522
29.00	0.464	0.467	0.470	0.472	0.475	0.479	0.482	0.485	0.489	0.492	0.494	0.497	0.500	0.503	0.505
30.00	0.448	0.451	0.454	0.457	0.460	0.464	0.467	0.470	0.474	0.477	0.480	0.484	0.487	0.489	0.492
31.00	0.433	0.436	0.439	0.442	0.445	0.449	0.452	0.456	0.459	0.462	0.465	0.468	0.471	0.474	0.476
 															
32.00	0.418	0.421	0.425	0.428	0.431	0.434	0.438	0.441	0.445	0.447	0.450	0.453	0.456	0.459	0.461
33.00	0.408	0.410	0.413	0.415	0.418	0.421	0.423	0.426	0.429	0.432	0.435	0.438	0.442	0.444	0.447
34.00	0.397	0.399	0.401	0.403	0.405	0.407	0.409	0.411	0.414	0.417	0.420	0.424	0.427	0.430	0.433
