TMR_6_1_11=[1.60	1.000	1.000	1.000	1.000	1.000	1.000	1.000	1.000	1.000	1.000	1.000	1.000	1.000	1.000	1.000
1.75	1.002	1.002	1.001	1.001	1.001	1.001	1.001	1.001	1.001	1.001	1.000	1.000	1.000	1.000	1.001
															
2.00	1.000	1.000	1.000	1.000	1.000	1.000	1.001	1.001	1.002	1.002	1.002	1.002	1.002	1.002	1.001
2.25	0.996	0.995	0.995	0.995	0.995	0.995	0.995	0.996	0.996	0.996	0.997	0.997	0.997	0.997	0.997
2.50	0.991	0.991	0.990	0.990	0.989	0.990	0.990	0.990	0.991	0.991	0.992	0.992	0.992	0.992	0.992
2.75	0.981	0.981	0.982	0.982	0.982	0.983	0.984	0.985	0.985	0.985	0.985	0.985	0.985	0.986	0.986
															
3.00	0.971	0.972	0.973	0.974	0.975	0.976	0.978	0.979	0.980	0.980	0.979	0.979	0.978	0.979	0.979
3.25	0.964	0.965	0.966	0.967	0.968	0.970	0.971	0.972	0.973	0.973	0.973	0.973	0.973	0.973	0.974
3.50	0.957	0.958	0.959	0.961	0.962	0.963	0.964	0.965	0.966	0.966	0.966	0.967	0.967	0.968	0.968
3.75	0.949	0.950	0.952	0.953	0.954	0.956	0.957	0.958	0.959	0.959	0.960	0.961	0.962	0.962	0.962
															
4.00	0.941	0.942	0.944	0.946	0.947	0.948	0.949	0.951	0.952	0.953	0.954	0.955	0.956	0.956	0.956
4.25	0.932	0.934	0.936	0.938	0.940	0.941	0.942	0.943	0.944	0.945	0.946	0.947	0.948	0.949	0.949
4.50	0.923	0.926	0.928	0.930	0.933	0.934	0.935	0.936	0.937	0.938	0.939	0.940	0.941	0.942	0.943
4.75	0.914	0.916	0.919	0.921	0.924	0.925	0.927	0.928	0.930	0.931	0.932	0.933	0.934	0.935	0.936
															
5.00	0.904	0.907	0.909	0.912	0.915	0.917	0.918	0.920	0.922	0.923	0.924	0.926	0.927	0.928	0.929
5.25	0.896	0.899	0.902	0.905	0.907	0.909	0.911	0.913	0.915	0.916	0.918	0.919	0.920	0.921	0.922
5.50	0.888	0.891	0.894	0.897	0.900	0.902	0.904	0.906	0.908	0.909	0.911	0.912	0.914	0.914	0.915
5.75	0.879	0.882	0.885	0.889	0.892	0.894	0.896	0.898	0.900	0.902	0.903	0.905	0.906	0.907	0.909
															
6.00	0.869	0.873	0.876	0.880	0.884	0.886	0.888	0.891	0.893	0.894	0.896	0.897	0.899	0.900	0.902
6.25	0.861	0.864	0.868	0.872	0.875	0.878	0.880	0.883	0.885	0.887	0.888	0.890	0.892	0.893	0.895
6.50	0.852	0.856	0.860	0.863	0.867	0.869	0.872	0.875	0.878	0.879	0.881	0.883	0.885	0.886	0.888
6.75	0.844	0.848	0.851	0.855	0.858	0.861	0.864	0.867	0.870	0.872	0.874	0.876	0.877	0.879	0.881
															
7.00	0.836	0.839	0.843	0.846	0.849	0.853	0.856	0.859	0.862	0.864	0.866	0.868	0.870	0.873	0.875
7.25	0.826	0.830	0.833	0.837	0.841	0.844	0.848	0.851	0.854	0.856	0.858	0.861	0.863	0.865	0.867
7.50	0.815	0.820	0.824	0.829	0.833	0.836	0.839	0.842	0.845	0.848	0.850	0.853	0.855	0.858	0.860
7.75	0.807	0.812	0.816	0.820	0.825	0.828	0.832	0.835	0.839	0.841	0.844	0.846	0.849	0.851	0.853
															
8.00	0.799	0.803	0.807	0.812	0.816	0.820	0.824	0.828	0.832	0.835	0.837	0.840	0.842	0.844	0.847
8.25	0.791	0.796	0.800	0.804	0.809	0.813	0.816	0.820	0.824	0.827	0.830	0.832	0.835	0.838	0.840
8.50	0.783	0.788	0.792	0.797	0.802	0.805	0.809	0.812	0.816	0.819	0.822	0.825	0.828	0.831	0.833
8.75	0.774	0.779	0.784	0.788	0.793	0.797	0.801	0.805	0.808	0.811	0.815	0.818	0.821	0.823	0.826
															
9.00	0.765	0.770	0.775	0.779	0.784	0.788	0.793	0.797	0.801	0.804	0.807	0.810	0.813	0.816	0.818
9.25	0.757	0.762	0.767	0.772	0.776	0.781	0.785	0.789	0.793	0.797	0.800	0.803	0.806	0.808	0.811
9.50	0.749	0.754	0.759	0.764	0.768	0.773	0.777	0.782	0.786	0.789	0.792	0.795	0.799	0.801	0.804
9.75	0.741	0.746	0.751	0.756	0.761	0.765	0.770	0.774	0.779	0.782	0.785	0.788	0.791	0.794	0.797
															
10.00	0.733	0.738	0.743	0.748	0.753	0.757	0.762	0.767	0.771	0.775	0.778	0.781	0.784	0.787	0.790
10.25	0.725	0.730	0.735	0.740	0.745	0.750	0.755	0.759	0.764	0.767	0.771	0.774	0.777	0.780	0.783
10.50	0.717	0.722	0.727	0.732	0.737	0.742	0.747	0.752	0.757	0.760	0.763	0.767	0.770	0.773	0.776
10.75	0.709	0.714	0.719	0.724	0.730	0.735	0.740	0.744	0.749	0.753	0.756	0.760	0.763	0.766	0.769
															
11.00	0.701	0.706	0.711	0.717	0.722	0.727	0.732	0.737	0.742	0.745	0.749	0.752	0.756	0.759	0.762
11.25	0.693	0.699	0.704	0.710	0.715	0.720	0.725	0.730	0.735	0.738	0.742	0.745	0.749	0.752	0.755
11.50	0.686	0.692	0.697	0.703	0.708	0.713	0.718	0.723	0.728	0.731	0.735	0.738	0.742	0.745	0.748
11.75	0.679	0.684	0.690	0.696	0.701	0.706	0.711	0.716	0.721	0.724	0.728	0.731	0.735	0.738	0.741
															
12.00	0.672	0.677	0.683	0.689	0.694	0.699	0.704	0.709	0.713	0.717	0.721	0.724	0.728	0.731	0.734
12.25	0.664	0.669	0.675	0.681	0.686	0.691	0.696	0.701	0.706	0.710	0.713	0.717	0.721	0.724	0.727
12.50	0.656	0.662	0.667	0.673	0.679	0.684	0.689	0.694	0.699	0.703	0.706	0.710	0.714	0.717	0.720
12.75	0.648	0.654	0.660	0.665	0.671	0.676	0.681	0.686	0.691	0.695	0.699	0.703	0.707	0.710	0.714
13.00	0.640	0.646	0.652	0.658	0.663	0.669	0.674	0.679	0.684	0.688	0.692	0.696	0.700	0.703	0.707
13.25	0.634	0.640	0.646	0.651	0.657	0.662	0.667	0.672	0.677	0.681	0.685	0.689	0.693	0.697	0.700
13.50	0.628	0.633	0.639	0.645	0.650	0.655	0.660	0.665	0.670	0.674	0.678	0.682	0.686	0.690	0.694
13.75	0.621	0.627	0.632	0.638	0.643	0.648	0.653	0.658	0.663	0.668	0.672	0.676	0.680	0.684	0.687
															
14.00	0.615	0.621	0.626	0.631	0.637	0.642	0.647	0.652	0.657	0.661	0.665	0.669	0.673	0.677	0.681
14.25	0.608	0.614	0.619	0.625	0.630	0.635	0.640	0.645	0.650	0.654	0.658	0.662	0.666	0.670	0.674
14.50	0.602	0.607	0.612	0.618	0.623	0.628	0.633	0.638	0.643	0.647	0.651	0.655	0.659	0.663	0.667
14.75	0.595	0.600	0.606	0.611	0.616	0.622	0.627	0.632	0.637	0.641	0.644	0.648	0.652	0.656	0.660
 															
15.00	0.588	0.593	0.599	0.604	0.610	0.615	0.620	0.625	0.630	0.634	0.638	0.641	0.645	0.649	0.653
15.50	0.574	0.579	0.585	0.590	0.596	0.601	0.606	0.612	0.617	0.621	0.625	0.629	0.633	0.637	0.641
16.00	0.560	0.565	0.571	0.576	0.582	0.587	0.593	0.598	0.603	0.608	0.612	0.616	0.621	0.625	0.628
16.50	0.548	0.554	0.559	0.564	0.570	0.575	0.580	0.585	0.591	0.595	0.599	0.603	0.608	0.611	0.615
 															
17.00	0.536	0.542	0.547	0.552	0.557	0.562	0.567	0.573	0.578	0.582	0.586	0.590	0.594	0.598	0.602
17.50	0.524	0.530	0.535	0.540	0.545	0.550	0.555	0.560	0.565	0.570	0.574	0.578	0.582	0.586	0.590
18.00	0.512	0.517	0.523	0.528	0.533	0.538	0.543	0.548	0.553	0.557	0.562	0.566	0.570	0.574	0.578
18.50	0.502	0.508	0.513	0.518	0.523	0.527	0.532	0.537	0.542	0.546	0.551	0.555	0.559	0.563	0.567
 															
19.00	0.493	0.498	0.502	0.507	0.512	0.517	0.522	0.527	0.531	0.536	0.540	0.544	0.548	0.553	0.557
19.50	0.480	0.485	0.490	0.495	0.500	0.505	0.510	0.515	0.520	0.525	0.529	0.533	0.537	0.541	0.545
20.00	0.467	0.473	0.478	0.484	0.489	0.494	0.499	0.504	0.509	0.514	0.518	0.522	0.526	0.530	0.534
20.50	0.456	0.462	0.467	0.473	0.478	0.483	0.488	0.493	0.499	0.503	0.507	0.511	0.515	0.519	0.523
 															
21.00	0.445	0.451	0.456	0.462	0.467	0.472	0.477	0.483	0.488	0.492	0.496	0.499	0.503	0.507	0.511
21.50	0.435	0.441	0.446	0.451	0.456	0.462	0.467	0.472	0.477	0.481	0.485	0.489	0.493	0.497	0.501
22.00	0.426	0.431	0.436	0.441	0.446	0.451	0.456	0.461	0.466	0.470	0.474	0.478	0.483	0.487	0.491
22.50	0.417	0.422	0.427	0.432	0.437	0.442	0.446	0.451	0.456	0.460	0.464	0.468	0.472	0.476	0.481
 															
23.00	0.408	0.413	0.418	0.423	0.428	0.432	0.437	0.441	0.446	0.450	0.454	0.457	0.461	0.466	0.470
23.50	0.400	0.405	0.409	0.414	0.419	0.423	0.428	0.432	0.436	0.440	0.444	0.448	0.452	0.457	0.461
24.00	0.392	0.396	0.401	0.405	0.409	0.414	0.418	0.423	0.427	0.431	0.435	0.439	0.443	0.447	0.452
24.50	0.382	0.387	0.391	0.396	0.400	0.404	0.409	0.413	0.417	0.422	0.426	0.430	0.434	0.438	0.442
 															
25.00	0.373	0.377	0.382	0.386	0.390	0.395	0.399	0.404	0.408	0.412	0.416	0.420	0.424	0.428	0.432
25.50	0.366	0.370	0.374	0.378	0.382	0.386	0.391	0.395	0.399	0.403	0.408	0.412	0.415	0.419	0.423
26.00	0.359	0.362	0.366	0.370	0.374	0.378	0.382	0.387	0.391	0.395	0.399	0.403	0.407	0.411	0.415
27.00	0.342	0.346	0.350	0.354	0.359	0.363	0.367	0.371	0.376	0.379	0.383	0.386	0.390	0.393	0.397
 															
28.00	0.325	0.329	0.333	0.337	0.341	0.346	0.350	0.354	0.359	0.362	0.366	0.369	0.373	0.377	0.380
29.00	0.311	0.315	0.319	0.323	0.327	0.331	0.335	0.339	0.343	0.347	0.350	0.353	0.357	0.361	0.365
